RANDOM result: 


509
265
1601
1739
900
1362
1306
1883
569
1473
1092
486
227
698
1185
1707
921

Makespan = 1883
FIFO result: 


702
740
882
909
520
988
1121
1242
1305
1414
679
340
1536
1653
1762
1873
1894

Makespan = 1894
LIFO result: 


1840
1807
1772
1647
1620
1404
1348
1232
1097
1026
945
786
584
467
348
237
75

Makespan = 1840
LPT result: 


1850
1766
786
1815
340
1714
1022
906
1644
1573
679
520
1137
1254
1363
1474
1881

Makespan = 1881
SPT result: 


116
230
1197
171
1681
307
1076
1317
387
496
1495
1861
840
957
610
721
75

Makespan = 1861
GA result: 



Makespan = 1862
ABC result: 


86
200
453
141
1165
1795
1739
966
1491
838
1441
763
1260
1620
559
328
1816

Makespan = 1816
ACO result: 


239
1112
960
132
568
211
1493
1725
1197
361
1390
748
1839
1074
1600
835
75

Makespan = 1839
