RANDOM result: 


812
998
1546
590
1432
1669
1217
299
1057
1300
378
178
1754
621
1693
1084
70

Makespan = 1754
FIFO result: 


679
520
1020
340
786
906
1240
1129
1323
1413
1499
1575
1696
1633
1731
1773
1799

Makespan = 1799
LIFO result: 


1773
1614
1412
1317
1118
998
873
762
644
554
463
374
291
228
158
116
70

Makespan = 1773
LPT result: 


679
340
1020
520
786
906
1129
1240
1323
1413
1499
1575
1633
1696
1731
1773
1799

Makespan = 1799
SPT result: 


1413
1599
992
1779
1115
1235
762
873
554
644
463
374
228
291
116
158
70

Makespan = 1779
GA result: 



Makespan = 1772
ABC result: 


1167
1584
320
609
1385
710
984
1260
1706
866
397
773
186
1615
1733
116
70

Makespan = 1733
ACO result: 


1614
1212
287
1455
563
683
1707
789
368
1001
910
158
1243
423
813
1757
1727

Makespan = 1757
