RANDOM result: 


216
341
404
1656
677
1273
1005
805
1571
1034
1149
618
1445
1174
1353
1845
1887

Makespan = 1887
FIFO result: 


1126
786
1746
1324
1590
1409
520
902
1017
1796
1237
340
1500
1837
1669
679
1918

Makespan = 1918
LIFO result: 


1884
1778
1643
1569
1475
1384
1329
1129
1010
874
834
747
536
432
399
345
147

Makespan = 1884
LPT result: 


1126
786
1746
1324
1413
1589
340
902
1017
1868
1237
520
1503
1909
1669
679
1816

Makespan = 1909
SPT result: 


877
1347
315
760
576
485
1711
1226
1107
158
988
1891
666
97
397
1525
235

Makespan = 1891
GA result: 



Makespan = 1866
ABC result: 


568
858
636
286
1596
725
1354
1154
1722
1850
1513
1057
1803
97
190
475
1390

Makespan = 1850
ACO result: 


1666
1359
747
421
1437
1046
1258
1787
336
119
1555
703
1866
965
208
940
487

Makespan = 1866
ACO-TS result: 


1762
237
381
853
585
938
1630
713
1317
749
502
1150
1845
1655
304
1186

Makespan = 1845
