RANDOM result: 


103
1021
370
1230
1348
1736
406
606
966
250
1097
1653
1566
1275
656
676
748
1206

Makespan = 1736
FIFO result: 


1655
1274
782
1695
1490
1188
1610
679
520
893
1350
1003
340
1741
1428
1766
1556
1102

Makespan = 1766
LIFO result: 


1736
1700
1625
1482
1448
1389
1296
1267
1108
905
780
712
625
400
366
274
254
199

Makespan = 1736
LPT result: 


1655
1274
782
1740
1490
1188
1610
679
340
893
1350
1003
520
1699
1428
1766
1556
1102

Makespan = 1766
SPT result: 


211
655
1201
116
340
746
271
1380
1566
1081
488
966
1746
162
566
70
406
852

Makespan = 1746
GA result: 



Makespan = 1715
ABC result: 


124
1243
580
604
1039
980
184
915
483
733
269
1164
1455
1701
1601
70
1663
1530

Makespan = 1701
ACO result: 


896
683
1295
1718
1565
1404
119
577
1120
1694
1164
868
418
602
204
1315
743
1510

Makespan = 1718
