RANDOM result: 


193
1277
1088
581
2908
724
1118
1562
2117
553
2542
2476
3080
2206
1520
905
2684
2072
3010
2300
2879
383
837
2804
695
1870
1251
3334
2435
1468
2011
3218
1061
1770

Makespan = 3334
FIFO result: 


523
549
576
616
662
707
756
812
870
1077
1115
1177
1256
1336
1414
1492
1628
1691
1780
1871
1961
2153
2239
2368
2475
2586
2697
2817
2938
3115
3245
3360
275
450

Makespan = 3360
LIFO result: 


3362
3245
3210
3174
3133
3088
3044
2998
2958
2925
2723
2657
2595
2522
2444
2366
2307
2172
2093
2007
1917
1849
1663
1570
1446
1335
1224
1116
1000
887
712
575
460
330

Makespan = 3362
LPT result: 


2209
3338
3303
3267
3181
3226
3137
3091
3038
330
2920
2986
2858
2629
2707
2785
1460
2552
2473
2297
2387
500
2120
1223
1801
1912
2023
1693
1343
670
970
1577
1105
840

Makespan = 3338
SPT result: 


1322
88
126
169
215
260
309
365
423
2808
494
560
639
719
797
875
2004
957
1046
1137
1227
2978
1428
2241
1544
1655
1766
1886
2361
3148
2498
2121
2633
3318

Makespan = 3318
GA result: 



Makespan = 3314
ABC result: 


1200
88
697
200
670
1530
3280
333
1501
541
168
768
289
1272
1703
3246
2070
1626
2141
2232
1105
2424
1021
1953
1829
641
2641
2761
3017
1468
2899
2534
930
3194

Makespan = 3280
ACO result: 


1147
1964
196
160
2585
3261
3291
2208
123
1074
1201
2658
2164
1938
1662
1860
2110
879
2556
1418
307
3232
415
1801
701
2481
812
3054
2803
601
2940
1343
2376
1610

Makespan = 3291
