RANDOM result: 


1971
3247
2516
701
330
3054
1799
2134
3365
2877
2400
1429
1002
430
1113
801
509
1192
2742
880
2588
1492
1303
2259
3090
1595
2640
1526
2000
1827
1219
2160
2185

Makespan = 3365
FIFO result: 


275
410
524
702
872
1042
1212
1325
1445
1565
1685
1792
1903
2014
2160
2271
2350
2440
2530
2620
2706
2781
2859
2932
2989
3052
3115
3157
3201
3242
3278
3313
2039

Makespan = 3313
LIFO result: 


3302
3167
3029
2920
2750
2580
2410
2233
2113
1993
1873
1749
1638
1527
1416
1305
1183
1093
1003
913
822
732
654
574
493
430
367
298
249
203
160
122
85

Makespan = 3302
LPT result: 


970
1105
1699
330
500
670
840
1223
1343
1463
1583
1807
1918
2029
2140
2251
2330
2420
2510
2600
2686
2761
2839
2912
2969
3032
3095
3137
3181
3222
3258
3293
3327

Makespan = 3327
SPT result: 


2487
2622
1869
2797
2967
3137
3307
1990
2110
2230
2350
1305
1416
1527
1638
1749
913
1003
1093
1183
822
654
732
574
367
430
493
298
249
203
160
122
85

Makespan = 3307
GA result: 



Makespan = 3306
ABC result: 


1059
417
699
2309
1234
2977
1635
1748
2132
1347
2422
1454
1855
918
2529
807
265
2698
568
2608
2784
3029
1918
1991
163
3084
3147
3189
3233
471
91
443
3264

Makespan = 3264
ACO result: 


1951
641
3043
2324
1259
1821
1089
339
2437
2147
912
2649
1529
2760
3238
1640
714
1362
489
2875
3115
2008
200
393
3278
765
2473
108
1391
2507
2902
2786
1284

Makespan = 3278
