RANDOM result: 


738
1058
1721
186
648
2335
470
3567
3626
3345
1121
1924
1292
1494
2851
933
1762
2980
3438
2643
2194
3157
554
425
3209
1603
1247
317
2038
2758
3822
2159
864
2513

Makespan = 3822
FIFO result: 


186
308
429
504
594
725
767
912
971
1107
1166
1322
1361
1563
1649
1838
1897
2042
2135
2281
2316
2516
2568
2694
2757
2892
3000
3120
3237
3355
3532
3645
1769
3822

Makespan = 3822
LIFO result: 


3842
3763
3656
3524
3434
3358
3217
3176
3037
2978
2842
2785
2627
2589
2403
2292
2201
2160
2031
1940
1785
1750
1554
1491
1365
1305
1185
1077
960
844
734
557
434
330

Makespan = 3842
LPT result: 


3008
2503
1580
3098
3188
1930
3640
1223
3346
1697
3424
970
3706
330
2822
3269
3772
1343
2924
1105
3829
500
3502
2614
3580
2047
2725
2164
2281
1814
670
1463
2393
840

Makespan = 3829
SPT result: 


827
1333
2258
917
1007
1789
199
2612
415
2375
493
2989
265
3299
1115
734
331
2732
1217
3124
130
3469
571
1444
649
1906
1555
2023
2140
2492
3639
2852
1670
3809

Makespan = 3809
GA result: 



Makespan = 3790
ABC result: 


1388
2342
3619
3163
776
1519
952
2968
217
1637
2489
703
2040
1928
1304
2412
3777
3088
557
3315
130
2685
1980
3420
3483
3735
460
1093
352
1211
2855
911
1748
2242

Makespan = 3777
ACO result: 


1758
2746
3080
242
3269
1074
2303
2639
3708
3571
3786
1515
142
551
2843
1959
1233
1378
637
2521
2356
3461
3630
2084
822
957
2959
373
1191
763
1690
1893
3191
2265

Makespan = 3786
