RANDOM result: 


1514
255
3012
2080
3132
1025
3072
1352
916
2051
2276
2601
2892
1464
1193
2769
3294
1143
1941
2207
229
2353
720
3412
557
2549
376
1274
1614
2679
657
3323
1766

Makespan = 3412
FIFO result: 


142
168
319
348
406
547
607
685
881
991
1057
1134
1260
1357
1551
1644
1797
1912
2089
2193
2303
2366
2444
2538
2730
2900
3000
3063
3157
3231
3357
3386
1503

Makespan = 3386
LIFO result: 


3418
3366
3340
3190
3154
3112
2977
2899
2847
2670
2535
2450
2387
2271
2156
2090
2021
1884
1774
1594
1479
1353
1275
1201
1133
963
782
656
582
488
425
304
275

Makespan = 3418
LPT result: 


3241
3421
1453
3343
3307
1570
2641
2719
330
1220
2564
2797
1792
2222
3178
2482
970
1337
500
1682
1903
2875
2953
2306
670
840
2014
3031
2396
3109
2125
3388
1105

Makespan = 3421
SPT result: 


256
88
2092
136
322
2209
478
556
2891
2327
1031
634
1525
1409
397
1120
2581
2444
3061
1973
1636
712
790
1211
3231
3401
1747
868
1301
946
1858
181
2716

Makespan = 3401
GA result: 



Makespan = 3397
ABC result: 


664
1231
2380
103
178
2575
1567
1205
1515
2009
1652
1319
1777
296
355
2248
625
806
2888
3070
484
2068
2440
3148
983
1153
3270
3333
2162
2940
1888
3363
2713

Makespan = 3363
ACO result: 


256
1558
1310
103
3172
2236
2782
1814
458
1950
2615
196
1532
1185
1733
3381
924
3310
3134
1422
2344
2860
2938
2708
1099
2127
1679
510
2534
723
2455
753
666

Makespan = 3381
