1	0	0	0	0	0	0	0	0	0	0	0	0	0	0	0	0	99999	0
2	2010000103	1	0	0	0	0	0	0	0	1	0	0.852988691	0.178571429	0	26.007	0	99999	0
3	2010000105	1	0	0	0	0	0	0	0	1	0	0.851373183	0.178571429	0	25.053	0	99999	0
4	2010000102	1	0	0	0	0	0	0	0	1	0	0.8546042	0.178571429	0	26.426	0	99999	0
5	2010000104	1	0	0	0	0	0	0	0	1	0	0.851373183	0.178571429	0	23.393	0	99999	0
6	2010000101	1	0	0	0	0	0	0	0	1	0	0.8546042	0.732142857	0	24.547	0	99999	0
7	2010000106	1	0	0	0	0	0	0	0	1	0	0.851373183	0.178571429	0	25.493	0	99999	0
8	2010000131	1	0	0	0	0	0	0	0	1	0	0.831987076	0.178571429	0	25.372	0	99999	0
9	2010000132	1	0	0	0	0	0	0	0	1	0	0.016155089	0.178571429	0	0.635	0	99999	0
10	2010000132	1	0	0	0	0	0	0	0	1	0	0.016155089	0.178571429	0	0.635	0	99999	0
11	2010000201	1	0	0	0	0	0	0	0	1	0	0.851373183	0.178571429	0	25.656	0	99999	0
12	2010000204	1	0	0	0	0	0	0	0	1	0	0.851373183	0.178571429	0	26.729	0	99999	0
13	2010000205	1	0	0	0	0	0	0	0	1	0	0.851373183	0.178571429	0	26.754	0	99999	0
14	2010000202	1	0	0	0	0	0	0	0	1	0	0.851373183	0.178571429	0	25.846	0	99999	0
15	2010000203	1	0	0	0	0	0	0	0	1	0	0.851373183	0.178571429	0	26.695	0	99999	0
16	2010000206	1	0	0	0	0	0	0	0	1	0	0.851373183	0.178571429	0	26.782	0	99999	0
17	2010001204	0	1	0	0	0	0	0	0	1	0	0.82552504	0.357142857	0	18.163	0	99999	0
18	2010001208	0	1	0	0	0	0	0	0	1	0	0.82552504	1	0	24.627	0	99999	0
19	2010001245	0	1	0	0	0	0	0	0	1	0	0.725363489	1	0	10.543	0	99999	0
20	2010001246	0	1	0	0	0	0	0	0	1	0	0.095315024	1	0	1.51	0	99999	0
21	2010001207	0	1	0	0	0	0	0	0	1	0	0.82552504	1	0	24.491	0	99999	0
22	2010001203	0	1	0	0	0	0	0	0	1	0	0.82552504	0.357142857	0	18.166	0	99999	0
23	2010001231	0	1	0	0	0	0	0	0	1	0	0.82552504	1	0	11.826	0	99999	0
24	2010001232	0	1	0	0	0	0	0	0	1	0	0.82552504	1	0	12.159	0	99999	0
25	2010001233	0	1	0	0	0	0	0	0	1	0	0.82552504	1	0	12.574	0	99999	0
26	2010001234	0	1	0	0	0	0	0	0	1	0	0.82552504	1	0	12.053	0	99999	0
27	2010001206	0	1	0	0	0	0	0	0	1	0	0.82552504	1	0	23.985	0	99999	0
28	2010001235	0	1	0	0	0	0	0	0	1	0	0.709208401	0.357142857	0	15.619	0	99999	0
29	2010001236	0	1	0	0	0	0	0	0	1	0	0.111470113	0.357142857	0	2.544	0	99999	0
30	2010001237	0	1	0	0	0	0	0	0	1	0	0.709208401	0.357142857	0	15.619	0	99999	0
31	2010001238	0	1	0	0	0	0	0	0	1	0	0.111470113	0.357142857	0	2.544	0	99999	0
32	2010001239	0	1	0	0	0	0	0	0	1	0	0.709208401	0.357142857	0	15.621	0	99999	0
33	2010001240	0	1	0	0	0	0	0	0	1	0	0.111470113	0.357142857	0	2.545	0	99999	0
34	2010001241	0	1	0	0	0	0	0	0	1	0	0.709208401	0.357142857	0	15.619	0	99999	0
35	2010001242	0	1	0	0	0	0	0	0	1	0	0.111470113	0.357142857	0	2.544	0	99999	0
36	2010001243	0	1	0	0	0	0	0	0	1	0	0.725363489	0.357142857	0	16.829	0	99999	0
37	2010001244	0	1	0	0	0	0	0	0	1	0	0.095315024	0.357142857	0	2.309	0	99999	0
38	2010001205	0	1	0	0	0	0	0	0	1	0	0.82552504	0.357142857	0	29.138	0	99999	0
39	2010001202	0	1	0	0	0	0	0	0	1	0	0.82552504	0.357142857	0	18.163	0	99999	0
40	2010001201	0	1	0	0	0	0	0	0	1	0	0.82552504	0.357142857	0	18.163	0	99999	0
41	2010019705	1	0	0	0	0	0	0	0	1	0	1	0.446428571	0	44.01	0	99999	0
42	2010019736	1	0	0	0	0	0	0	0	1	0	1	0.446428571	0	15.415	0	99999	0
43	2010019737	1	0	0	0	0	0	0	0	1	0	1	0.446428571	0	0.24	0	99999	0
44	2010019734	1	0	0	0	0	0	0	0	1	0	1	0.446428571	0	14.725	0	99999	0
45	2010019735	1	0	0	0	0	0	0	0	1	0	1	0.446428571	0	15.747	0	99999	0
46	2010019731	1	0	0	0	0	0	0	0	1	0	0.877221325	0.446428571	0	24.89	0	99999	0
47	2010019732	1	0	0	0	0	0	0	0	1	0	0.117932149	0.446428571	0	3.465	0	99999	0
48	2010019733	1	0	0	0	0	0	0	0	1	0	1	0.446428571	0	15.655	0	99999	0
49	2010019702	1	0	0	0	0	0	0	0	1	0	1	0.446428571	0	21.954	0	99999	0
50	2010019807	1	0	0	0	0	0	0	0	1	0	1	0.446428571	0	25.015	0	99999	0
51	2010019801	1	0	0	0	0	0	0	0	1	0	1	0.446428571	0	23.763	0	99999	0
52	2010019805	1	0	0	0	0	0	0	0	1	0	1	0.446428571	0	23.942	0	99999	0
53	2010019806	1	0	0	0	0	0	0	0	1	0	1	0.446428571	0	23.935	0	99999	0
54	2010019803	1	0	0	0	0	0	0	0	1	0	1	0.446428571	0	23.931	0	99999	0
55	2010019802	1	0	0	0	0	0	0	0	1	0	1	0.446428571	0	23.939	0	99999	0
56	2010019804	1	0	0	0	0	0	0	0	1	0	1	0.446428571	0	23.939	0	99999	0
57	2010003208	0	0	0	1	0	0	0	0	0	1	0.82552504	0.589285714	1	11.529	0	99999	0
58	2010003212	0	0	0	1	0	0	0	0	0	1	0.82552504	0.589285714	1	11.487	0	99999	0
59	2010003210	0	0	0	1	0	0	0	0	0	1	0.82552504	0.589285714	1	11.445	0	99999	0
60	2010003209	0	0	0	1	0	0	0	0	0	1	0.82552504	0.589285714	1	11.451	0	99999	0
61	2010003206	0	0	0	1	0	0	0	0	0	1	0.82552504	0.589285714	1	11.44	0	99999	0
62	2010003201	0	0	0	1	0	0	0	0	0	1	0.82552504	0.589285714	1	11.445	0	99999	0
63	2010003202	0	0	0	1	0	0	0	0	0	1	0.82552504	0.589285714	1	11.55	0	99999	0
64	2010003203	0	0	0	1	0	0	0	0	0	1	0.82552504	0.589285714	1	11.451	0	99999	0
65	2010003204	0	0	0	1	0	0	0	0	0	1	0.82552504	0.589285714	1	11.445	0	99999	0
66	2010003205	0	0	0	1	0	0	0	0	0	1	0.82552504	0.589285714	1	11.535	0	99999	0
67	2010003213	0	0	0	1	0	0	0	0	0	1	0.82552504	0.589285714	1	11.482	0	99999	0
68	2010003214	0	0	0	1	0	0	0	0	0	1	0.82552504	0.589285714	1	11.582	0	99999	0
69	2010003207	0	0	0	1	0	0	0	0	0	1	0.82552504	0.589285714	1	11.445	0	99999	0
70	2010003211	0	0	0	1	0	0	0	0	0	1	0.82552504	0.589285714	1	11.503	0	99999	0
71	2010003310	0	0	0	1	0	0	0	0	0	1	0.82552504	0.732142857	1	11.445	0	99999	0
72	2010003311	0	0	0	1	0	0	0	0	0	1	0.82552504	0.732142857	1	11.445	0	99999	0
73	2010003312	0	0	0	1	0	0	0	0	0	1	0.82552504	0.732142857	1	24.192	0	99999	0
74	2010003301	0	0	0	1	0	0	0	0	0	1	0.82552504	0.589285714	1	11.482	0	99999	0
75	2010003302	0	0	0	1	0	0	0	0	0	1	0.82552504	0.589285714	1	11.487	0	99999	0
76	2010003303	0	0	0	1	0	0	0	0	0	1	0.82552504	0.589285714	1	11.613	0	99999	0
77	2010003304	0	0	0	1	0	0	0	0	0	1	0.82552504	0.589285714	1	11.487	0	99999	0
78	2010003305	0	0	0	1	0	0	0	0	0	1	0.82552504	0.589285714	1	11.487	0	99999	0
79	2010003306	0	0	0	1	0	0	0	0	0	1	0.82552504	0.589285714	1	11.487	0	99999	0
80	2010003307	0	0	0	1	0	0	0	0	0	1	0.82552504	0.732142857	1	11.487	0	99999	0
81	2010003308	0	0	0	1	0	0	0	0	0	1	0.82552504	0.732142857	1	11.487	0	99999	0
82	2010003309	0	0	0	1	0	0	0	0	0	1	0.82552504	0.732142857	1	11.487	0	99999	0
83	2010003331	0	0	0	1	0	0	0	0	0	1	0.817447496	0	1	21.816	0	99999	0
84	2010003332	0	0	0	1	0	0	0	0	0	1	0.82552504	0.732142857	1	2.161	0	99999	0
85	2010003401	0	0	0	1	0	0	0	0	0	0	0.770597738	0.446428571	1	22.786	0	99999	0
86	2010003402	0	0	0	1	0	0	0	0	0	0	0.770597738	0.446428571	1	22.795	0	99999	0
87	2010003406	0	0	0	1	0	0	0	0	0	0	0.770597738	0.446428571	1	22.789	0	99999	0
88	2010003405	0	0	0	1	0	0	0	0	0	0	0.770597738	0.446428571	1	22.8	0	99999	0
89	2010003403	0	0	0	1	0	0	0	0	0	0	0.770597738	0.446428571	1	22.8	0	99999	0
90	2010003407	0	0	0	1	0	0	0	0	0	0	0.770597738	0.446428571	1	22.792	0	99999	0
91	2010003404	0	0	0	1	0	0	0	0	0	0	0.770597738	0.446428571	1	22.783	0	99999	0
92	2010003606	0	0	0	1	0	0	0	0	0	0	0.770597738	0.446428571	1	22.797	0	99999	0
93	2010003604	0	0	0	1	0	0	0	0	0	0	0.770597738	0.446428571	1	22.789	0	99999	0
94	2010003607	0	0	0	1	0	0	0	0	0	0	0.770597738	0.446428571	1	22.795	0	99999	0
95	2010003602	0	0	0	1	0	0	0	0	0	0	0.770597738	0.446428571	1	22.8	0	99999	0
96	2010003605	0	0	0	1	0	0	0	0	0	0	0.770597738	0.446428571	1	22.786	0	99999	0
97	2010003603	0	0	0	1	0	0	0	0	0	0	0.770597738	0.446428571	1	22.789	0	99999	0
98	2010003601	0	0	0	1	0	0	0	0	0	0	0.770597738	0.446428571	1	22.795	0	99999	0
99	2010004602	0	0	1	0	0	0	0	0	1	0	0.967689822	0.732142857	1	21.17	0	99999	0
100	2010004605	0	0	1	0	0	0	0	0	1	0	0.967689822	0.732142857	1	25.696	0	99999	0
101	2010004601	0	0	1	0	0	0	0	0	1	0	0.969305331	0.732142857	1	29.527	0	99999	0
102	2010004604	0	0	1	0	0	0	0	0	1	0	0.967689822	0.732142857	1	23.984	0	99999	0
103	2010004607	0	0	1	0	0	0	0	0	1	0	0.967689822	0.732142857	1	27.362	0	99999	0
104	2010004606	0	0	1	0	0	0	0	0	1	0	0.967689822	0.357142857	1	27.28	0	99999	0
105	2010004603	0	0	1	0	0	0	0	0	1	0	0.967689822	0.910714286	1	22.442	0	99999	0
106	2010004704	0	0	1	0	0	0	0	0	1	0	0.967689822	0.910714286	1	28.634	0	99999	0
107	2010004703	0	0	1	0	0	0	0	0	1	0	0.967689822	0.910714286	1	28.209	0	99999	0
108	2010004702	0	0	1	0	0	0	0	0	1	0	0.967689822	0.910714286	1	28.035	0	99999	0
109	2010004731	0	0	1	0	0	0	0	0	1	0	0.967689822	0.732142857	1	13.823	0	99999	0
110	2010004732	0	0	1	0	0	0	0	0	1	0	0.967689822	0.732142857	1	14.194	0	99999	0
111	2010004705	0	0	1	0	0	0	0	0	1	0	0.967689822	0.732142857	1	29.868	0	99999	0
112	2010004701	0	0	1	0	0	0	0	0	1	0	0.967689822	0.732142857	1	28.017	0	99999	0
113	2010004801	0	0	1	0	0	0	0	0	1	0	0.967689822	0.732142857	1	30.272	0	99999	0
114	2010004804	0	0	1	0	0	0	0	0	1	0	0.967689822	0.535714286	1	60.504	0	99999	0
115	2010004802	0	0	1	0	0	0	0	0	1	0	0.967689822	0.732142857	1	30.3	0	99999	0
116	2010004803	0	0	1	0	0	0	0	0	1	0	0.967689822	0.910714286	1	30.537	0	99999	0
117	2010005105	0	0	1	0	0	0	0	0	1	0	0.951534733	0.732142857	1	27.364	0	99999	0
118	2010005101	0	0	1	0	0	0	0	0	1	0	0.951534733	0.732142857	1	25.544	0	99999	0
119	2010005104	0	0	1	0	0	0	0	0	1	0	0.951534733	0.732142857	1	27.298	0	99999	0
120	2010005103	0	0	1	0	0	0	0	0	1	0	0.951534733	0.732142857	1	26.357	0	99999	0
121	2010005102	0	0	1	0	0	0	0	0	1	0	0.951534733	0.732142857	1	25.998	0	99999	0
122	2010005201	0	0	1	0	0	0	0	0	1	0	0.951534733	0.910714286	1	28.354	0	99999	0
123	2010005205	0	0	1	0	0	0	0	0	1	0	0.936995153	0.732142857	1	20.488	0	99999	0
124	2010005203	0	0	1	0	0	0	0	0	1	0	0.951534733	0.535714286	1	59.82	0	99999	0
125	2010005204	0	0	1	0	0	0	0	0	1	0	0.944426494	0.732142857	1	28.755	0	99999	0
126	2010005231	0	0	1	0	0	0	0	0	1	0	0.936995153	0.732142857	1	28.53	0	99999	0
127	2010005232	0	0	1	0	0	0	0	0	1	0	0.002584814	0.732142857	1	0.225	0	99999	0
128	2010005302	0	0	1	0	0	0	0	0	1	0	0.936995153	0.732142857	1	24.851	0	99999	0
129	2010005304	0	0	1	0	0	0	0	0	1	0	0.936995153	0.732142857	1	25.51	0	99999	0
130	2010005306	0	0	1	0	0	0	0	0	1	0	0.936995153	0.732142857	1	27.243	0	99999	0
131	2010005301	0	0	1	0	0	0	0	0	1	0	0.936995153	0.732142857	1	24.744	0	99999	0
132	2010005303	0	0	1	0	0	0	0	0	1	0	0.936995153	0.732142857	1	25.304	0	99999	0
133	2010005305	0	0	1	0	0	0	0	0	1	0	0.936995153	0.732142857	1	26.224	0	99999	0
134	2010005402	0	0	1	0	0	0	0	0	1	0	0.936995153	0.535714286	1	59.051	0	99999	0
135	2010005436	0	0	1	0	0	0	0	0	1	0	0.619709208	0.428571429	1	6.533	0	99999	0
136	2010005437	0	0	1	0	0	0	0	0	1	0	0.759612278	0.428571429	1	7.996	0	99999	0
137	2010005438	0	0	1	0	0	0	0	0	1	0	0.641680129	0.428571429	1	6.762	0	99999	0
138	2010005439	0	0	1	0	0	0	0	0	1	0	0.544103393	0.428571429	1	5.741	0	99999	0
139	2010005431	0	0	1	0	0	0	0	0	1	0	0.891760905	0.732142857	1	27.17	0	99999	0
140	2010005432	0	0	1	0	0	0	0	0	1	0	0.033279483	0.732142857	1	1.155	0	99999	0
141	2010005403	0	0	1	0	0	0	0	0	1	0	0.929886914	0.732142857	1	28.325	0	99999	0
142	2010005433	0	0	1	0	0	0	0	0	1	0	0.886914378	0.732142857	1	12.86	0	99999	0
143	2010005434	0	0	1	0	0	0	0	0	1	0	0.030694669	0.732142857	1	0.513	0	99999	0
144	2010005435	0	0	1	0	0	0	0	0	1	0	0.922455574	0.428571429	1	23.234	0	99999	0
145	2010005506	0	0	0	0	1	0	0	0	1	0	0.789983845	0.446428571	0	20.494	0	99999	0
146	2010005507	0	0	0	0	1	0	0	0	1	0	0.789983845	0.446428571	0	20.488	0	99999	0
147	2010005501	0	0	0	0	1	0	0	0	1	0	0.902423263	0.196428571	0	28.832	0	99999	0
148	2010005531	0	0	0	0	1	0	0	0	1	0	0.827140549	0.196428571	0	11.906	0	99999	0
149	2010005532	0	0	0	0	1	0	0	0	1	0	0.822294023	0.196428571	0	12.217	0	99999	0
150	2010005533	0	0	0	0	1	0	0	0	1	0	0.070436187	0.196428571	0	1.077	0	99999	0
151	2010005534	0	0	0	0	1	0	0	0	1	0	0.075282714	0.196428571	0	1.184	0	99999	0
152	2010005535	0	0	0	0	1	0	0	0	1	0	0.902423263	0.196428571	0	2.448	0	99999	0
153	2010005536	0	0	0	0	1	0	0	0	1	0	0.827140549	0.196428571	0	36.436	0	99999	0
154	2010005537	0	0	0	0	1	0	0	0	1	0	0.028432956	0.196428571	0	1.458	0	99999	0
155	2010005538	0	0	0	0	1	0	0	0	1	0	0.789983845	0.196428571	0	20.485	0	99999	0
156	2010005539	0	0	0	0	1	0	0	0	1	0	0.019386107	0.196428571	0	0.625	0	99999	0
157	2010005503	0	0	0	0	1	0	0	0	1	0	0.814216478	0.196428571	0	21.11	0	99999	0
158	2010005505	0	0	0	0	1	0	0	0	1	0	0.789983845	0.446428571	0	20.494	0	99999	0
159	2010005606	0	0	0	0	1	0	0	0	1	0	0.770597738	0.446428571	0	24.315	0	99999	0
160	2010005604	0	0	0	0	1	0	0	0	1	0	0.770597738	0.446428571	0	22.713	0	99999	0
161	2010005639	0	0	0	0	1	0	0	0	1	0	0.770597738	0.553571429	0	2.803	0	99999	0
162	2010005640	0	0	0	0	1	0	0	0	1	0	0.770597738	0.553571429	0	2.803	0	99999	0
163	2010005641	0	0	0	0	1	0	0	0	1	0	0.770597738	0.553571429	0	2.803	0	99999	0
164	2010005642	0	0	0	0	1	0	0	0	1	0	0.770597738	0.553571429	0	2.803	0	99999	0
165	2010005643	0	0	0	0	1	0	0	0	1	0	0.770597738	0.553571429	0	3.097	0	99999	0
166	2010005644	0	0	0	0	1	0	0	0	1	0	0.770597738	0.553571429	0	3.109	0	99999	0
167	2010005601	0	0	0	0	1	0	0	0	1	0	0.789983845	0.446428571	0	20.485	0	99999	0
168	2010005602	0	0	0	0	1	0	0	0	1	0	0.789983845	0.196428571	0	20.482	0	99999	0
169	2010005607	0	0	0	0	1	0	0	0	1	0	0.770597738	0.446428571	0	24.326	0	99999	0
170	2010005631	0	0	0	0	1	0	0	0	1	0	0.718901454	0.446428571	0	21.199	0	99999	0
171	2010005632	0	0	0	0	1	0	0	0	1	0	0.046849758	0.446428571	0	1.514	0	99999	0
172	2010005605	0	0	0	0	1	0	0	0	1	0	0.770597738	0.446428571	0	22.704	0	99999	0
173	2010005603	0	0	0	0	1	0	0	0	1	0	0.780290792	0.446428571	0	17.709	0	99999	0
174	2010005633	0	0	0	0	1	0	0	0	1	0	0.770597738	0.553571429	0	17.49	0	99999	0
175	2010005634	0	0	0	0	1	0	0	0	1	0	0.004846527	0.446428571	0	0.219	0	99999	0
176	2010005635	0	0	0	0	1	0	0	0	1	0	0.718901454	0.446428571	0	21.191	0	99999	0
177	2010005636	0	0	0	0	1	0	0	0	1	0	0.046849758	0.446428571	0	1.513	0	99999	0
178	2010005637	0	0	0	0	1	0	0	0	1	0	0.718901454	0.446428571	0	22.704	0	99999	0
179	2010005638	0	0	0	0	1	0	0	0	1	0	0.046849758	0.446428571	0	1.622	0	99999	0
180	2010005504	0	0	0	0	1	0	0	0	1	0	0.789983845	0.196428571	0	20.482	0	99999	0
181	2010005502	0	0	0	0	1	0	0	0	1	0	0.860420032	0.196428571	0	37.894	0	99999	0
182	2010008103	0	0	1	0	0	0	0	0	0	0	0.922455574	0.553571429	1	25.951	0	99999	0
183	2010008104	0	0	1	0	0	0	0	0	0	0	0.922455574	0.553571429	1	25.937	0	99999	0
184	2010008101	0	0	1	0	0	0	0	0	0	0	0.94184168	0.732142857	1	21.57	0	99999	0
185	2010008106	0	0	1	0	0	0	0	0	0	0	0.922455574	0.553571429	1	27.718	0	99999	0
186	2010008131	0	0	1	0	0	0	0	0	0	0	0.922455574	0.732142857	1	21.128	0	99999	0
187	2010008132	0	0	1	0	0	0	0	0	0	0	0.01453958	0.732142857	1	0.442	0	99999	0
188	2010008102	0	0	1	0	0	0	0	0	0	0	0.922455574	0.553571429	1	25.018	0	99999	0
189	2010008105	0	0	1	0	0	0	0	0	0	0	0.922455574	0.732142857	1	26.833	0	99999	0
190	2010008202	0	0	1	0	0	0	0	0	0	0	0.922455574	0.357142857	1	28.097	0	99999	0
191	2010008233	0	0	1	0	0	0	0	0	0	0	0.894991922	0.732142857	1	25.277	0	99999	0
192	2010008234	0	0	1	0	0	0	0	0	0	0	0.894991922	0.732142857	1	2.001	0	99999	0
193	2010008201	0	0	1	0	0	0	0	0	0	0	0.922455574	0.553571429	1	28.026	0	99999	0
194	2010008203	0	0	1	0	0	0	0	0	0	0	0.908885299	0.732142857	1	27.699	0	99999	0
195	2010008231	0	0	1	0	0	0	0	0	0	0	0.894991922	0.732142857	1	27.278	0	99999	0
196	2010008232	0	0	1	0	0	0	0	0	0	0	0.00904685	0.732142857	1	0.421	0	99999	0
197	2010008205	0	0	1	0	0	0	0	0	0	0	0.894991922	0.732142857	1	31	0	99999	0
198	2010008335	0	0	1	0	0	0	0	0	0	0	0.831987076	0.732142857	1	12.413	0	99999	0
199	2010008302	0	0	1	0	0	0	0	0	0	0	0.877221325	0.732142857	1	24.63	0	99999	0
200	2010008336	0	0	1	0	0	0	0	0	0	0	0.838449111	0.732142857	1	12.731	0	99999	0
201	2010008337	0	0	1	0	0	0	0	0	0	0	0.027463651	0.732142857	1	0.479	0	99999	0
202	2010008338	0	0	1	0	0	0	0	0	0	0	0.021001616	0.732142857	1	0.391	0	99999	0
203	2010008301	0	0	1	0	0	0	0	0	0	0	0.886268174	0.732142857	1	24.892	0	99999	0
204	2010008303	0	0	1	0	0	0	0	0	0	0	0.877221325	0.732142857	1	24.633	0	99999	0
205	2010008331	0	0	1	0	0	0	0	0	0	0	0.877221325	0.732142857	1	24.64	0	99999	0
206	2010008332	0	0	1	0	0	0	0	0	0	0	0.004200323	0.732142857	1	0.252	0	99999	0
207	2010008333	0	0	1	0	0	0	0	0	0	0	0.864297254	0.732142857	1	26.014	0	99999	0
208	2010008334	0	0	1	0	0	0	0	0	0	0	0.001615509	0.732142857	1	0.194	0	99999	0
209	2010008306	0	0	1	0	0	0	0	0	0	0	0.870759289	0.732142857	1	26.208	0	99999	0
210	2010008431	0	0	1	0	0	0	0	0	0	0	0.828756058	0.732142857	1	24.586	0	99999	0
211	2010008432	0	0	1	0	0	0	0	0	0	0	0.030694669	0.732142857	1	1.048	0	99999	0
212	2010008404	0	0	1	0	0	0	0	0	0	0	0.861066236	0.553571429	1	18.849	0	99999	0
213	2010008402	0	0	1	0	0	0	0	0	0	0	0.864297254	0.732142857	1	44.902	0	99999	0
214	2010008403	0	0	1	0	0	0	0	0	0	0	0.864297254	0.732142857	1	54.224	0	99999	0
215	2010008401	0	0	1	0	0	0	0	0	0	0	0.864297254	0.732142857	1	25.634	0	99999	0
216	2010008501	0	0	1	0	0	0	0	0	0	1	0.82552504	0.553571429	1	30.879	0	99999	0
217	2010008538	0	0	1	0	0	0	0	0	0	1	0.82552504	0.553571429	1	8.537	0	99999	0
218	2010008539	0	0	1	0	0	0	0	0	0	1	0.82552504	0.553571429	1	8.292	0	99999	0
219	2010008540	0	0	1	0	0	0	0	0	0	1	0.82552504	0.553571429	1	7.81	0	99999	0
220	2010008541	0	0	1	0	0	0	0	0	0	1	0.82552504	0.553571429	1	6.216	0	99999	0
221	2010008542	0	0	1	0	0	0	0	0	0	1	0.82552504	0.553571429	1	7.286	0	99999	0
222	2010008543	0	0	1	0	0	0	0	0	0	1	0.82552504	0.553571429	1	7.175	0	99999	0
223	2010008544	0	0	1	0	0	0	0	0	0	1	0.82552504	0.553571429	1	6.912	0	99999	0
224	2010008545	0	0	1	0	0	0	0	0	0	1	0.82552504	0.553571429	1	5.911	0	99999	0
225	2010008504	0	0	1	0	0	0	0	0	0	1	0.82552504	0.553571429	1	29.364	0	99999	0
226	2010008548	0	0	1	0	0	0	0	0	0	1	0.82552504	0.178571429	1	12.526	0	99999	0
227	2010008549	0	0	1	0	0	0	0	0	0	1	0.82552504	0.178571429	1	11.052	0	99999	0
228	2010008502	0	0	1	0	0	0	0	0	0	1	0.82552504	0.357142857	1	24.874	0	99999	0
229	2010008534	0	0	1	0	0	0	0	0	0	1	0.82552504	0.553571429	1	8.706	0	99999	0
230	2010008535	0	0	1	0	0	0	0	0	0	1	0.82552504	0.553571429	1	7.898	0	99999	0
231	2010008536	0	0	1	0	0	0	0	0	0	1	0.82552504	0.553571429	1	6.517	0	99999	0
232	2010008537	0	0	1	0	0	0	0	0	0	1	0.82552504	0.553571429	1	6.188	0	99999	0
233	2010008505	0	0	1	0	0	0	0	0	0	1	0.82552504	0.357142857	1	30.622	0	99999	0
234	2010008531	0	0	1	0	0	0	0	0	0	1	0.82552504	0.357142857	1	9.117	0	99999	0
235	2010008532	0	0	1	0	0	0	0	0	0	1	0.82552504	0.357142857	1	7.823	0	99999	0
236	2010008533	0	0	1	0	0	0	0	0	0	1	0.82552504	0.357142857	1	7.817	0	99999	0
237	2010008546	0	0	1	0	0	0	0	0	0	1	0.82552504	0.714285714	1	23.604	0	99999	0
238	2010008547	0	0	1	0	0	0	0	0	0	1	0.82552504	0.357142857	1	7.018	0	99999	0
239	2010008503	0	0	1	0	0	0	0	0	0	1	0.82552504	0.553571429	1	27.318	0	99999	0
240	2010009003	0	0	1	0	0	0	0	0	0	0	0.831987076	0.732142857	1	42.861	0	99999	0
241	2010009001	0	0	1	0	0	0	0	0	0	0	0.831987076	0.732142857	1	43.922	0	99999	0
242	2010009031	0	0	1	0	0	0	0	0	0	0	0.822294023	0.732142857	1	19.349	0	99999	0
243	2010009032	0	0	1	0	0	0	0	0	0	0	0	0.732142857	1	0.114	0	99999	0
244	2010009004	0	0	1	0	0	0	0	0	0	0	0.827140549	0.732142857	1	19.463	0	99999	0
245	2010009002	0	0	1	0	0	0	0	0	0	0	0.831987076	0.732142857	1	52.388	0	99999	0
246	2010009104	0	0	1	0	0	0	0	0	0	0	0.822294023	0.732142857	1	21.33	0	99999	0
247	2010009105	0	0	1	0	0	0	0	0	0	0	0.822294023	0.732142857	1	22.201	0	99999	0
248	2010009106	0	0	1	0	0	0	0	0	0	0	0.822294023	0.732142857	1	22.732	0	99999	0
249	2010009107	0	0	1	0	0	0	0	0	0	0	0.822294023	0.910714286	1	22.991	0	99999	0
250	2010009103	0	0	1	0	0	0	0	0	0	0	0.822294023	0.553571429	1	21.3	0	99999	0
251	2010009101	0	0	1	0	0	0	0	0	0	0	0.822294023	0.732142857	1	20.76	0	99999	0
252	2010009102	0	0	1	0	0	0	0	0	0	0	0.822294023	0.732142857	1	21.185	0	99999	0
253	2010009205	0	0	1	0	0	0	0	0	0	0	0.822294023	0.910714286	1	24.287	0	99999	0
254	2010009204	0	0	1	0	0	0	0	0	0	0	0.822294023	0.553571429	1	24.269	0	99999	0
255	2010009201	0	0	1	0	0	0	0	0	0	0	0.822294023	0.553571429	1	23.136	0	99999	0
256	2010009203	0	0	1	0	0	0	0	0	0	0	0.822294023	0.732142857	1	24.154	0	99999	0
257	2010009231	0	0	1	0	0	0	0	0	0	0	0.822294023	0.910714286	1	12.184	0	99999	0
258	2010009232	0	0	1	0	0	0	0	0	0	0	0.822294023	0.910714286	1	12.103	0	99999	0
259	2010009202	0	0	1	0	0	0	0	0	0	0	0.822294023	0.732142857	1	23.322	0	99999	0
260	2010009206	0	0	1	0	0	0	0	0	0	0	0.822294023	0.553571429	1	25.023	0	99999	0
261	2010009301	0	0	1	0	0	0	0	0	0	0	0.822294023	0.553571429	1	25.131	0	99999	0
262	2010009302	0	0	1	0	0	0	0	0	0	0	0.822294023	0.910714286	1	25.845	0	99999	0
263	2010009304	0	0	1	0	0	0	0	0	0	0	0.822294023	0.732142857	1	52.336	0	99999	0
264	2010009303	0	0	1	0	0	0	0	0	0	0	0.822294023	0.553571429	1	25.888	0	99999	0
265	2010009305	0	0	1	0	0	0	0	0	0	0	0.814216478	0.910714286	1	10.211	0	99999	0
266	2010009331	0	0	1	0	0	0	0	0	0	0	0.806138934	0.910714286	1	19.022	0	99999	0
267	2010009332	0	0	1	0	0	0	0	0	0	0	0.003231018	0.910714286	1	0.189	0	99999	0
268	2010009306	0	0	1	0	0	0	0	0	0	0	0.806138934	0.732142857	1	19.051	0	99999	0
269	2010009403	0	0	1	0	0	0	0	0	0	0	0.806138934	0.553571429	1	21.711	0	99999	0
270	2010009406	0	0	1	0	0	0	0	0	0	0	0.806138934	0.732142857	1	22.193	0	99999	0
271	2010009407	0	0	1	0	0	0	0	0	0	0	0.806138934	0.553571429	1	22.693	0	99999	0
272	2010009401	0	0	1	0	0	0	0	0	0	0	0.806138934	0.732142857	1	19.199	0	99999	0
273	2010009402	0	0	1	0	0	0	0	0	0	0	0.806138934	0.732142857	1	20.541	0	99999	0
274	2010009404	0	0	1	0	0	0	0	0	0	0	0.806138934	0.553571429	1	21.75	0	99999	0
275	2010009405	0	0	1	0	0	0	0	0	0	0	0.806138934	0.732142857	1	21.868	0	99999	0
276	2010009507	0	0	1	0	0	0	0	0	0	0	0.794830372	0.553571429	1	19.785	0	99999	0
277	2010009531	0	0	1	0	0	0	0	0	0	0	0.806138934	0.732142857	1	11.657	0	99999	0
278	2010009532	0	0	1	0	0	0	0	0	0	0	0.806138934	0.732142857	1	11.857	0	99999	0
279	2010009504	0	0	1	0	0	0	0	0	0	0	0.806138934	0.732142857	1	23.514	0	99999	0
280	2010009503	0	0	1	0	0	0	0	0	0	0	0.806138934	0.732142857	1	23.038	0	99999	0
281	2010009502	0	0	1	0	0	0	0	0	0	0	0.806138934	0.732142857	1	18.893	0	99999	0
282	2010009505	0	0	1	0	0	0	0	0	0	0	0.800646204	0.553571429	1	18.776	0	99999	0
283	2010009501	0	0	1	0	0	0	0	0	0	0	0.806138934	0.553571429	1	12.695	0	99999	0
284	2010009533	0	0	1	0	0	0	0	0	0	0	0.794830372	0.553571429	1	18.64	0	99999	0
285	2010009534	0	0	1	0	0	0	0	0	0	0	0.000969305	0.553571429	1	0.136	0	99999	0
286	2010009506	0	0	1	0	0	0	0	0	0	0	0.794830372	0.732142857	1	19.782	0	99999	0
287	2010009605	0	0	1	0	0	0	0	0	0	0	0.794830372	0.732142857	1	22.906	0	99999	0
288	2010009602	0	0	1	0	0	0	0	0	0	0	0.794830372	0.553571429	1	20.05	0	99999	0
289	2010009606	0	0	1	0	0	0	0	0	0	0	0.794830372	0.732142857	1	23.052	0	99999	0
290	2010009607	0	0	1	0	0	0	0	0	0	0	0.784491115	0.357142857	1	18.269	0	99999	0
291	2010009608	0	0	1	0	0	0	0	0	0	0	0.773828756	0.357142857	1	18.023	0	99999	0
292	2010009631	0	0	1	0	0	0	0	0	0	0	0.794830372	0.732142857	1	21.494	0	99999	0
293	2010009632	0	0	1	0	0	0	0	0	0	0	0.794830372	0.732142857	1	21.412	0	99999	0
294	2010009633	0	0	1	0	0	0	0	0	0	0	0.794830372	0.732142857	1	11.503	0	99999	0
295	2010009634	0	0	1	0	0	0	0	0	0	0	0.794830372	0.732142857	1	11.549	0	99999	0
296	2010009635	0	0	1	0	0	0	0	0	0	0	0.773828756	0.357142857	1	18.023	0	99999	0
297	2010009636	0	0	1	0	0	0	0	0	0	0	0.005815832	0.357142857	1	30.246	0	99999	0
298	2010009603	0	0	1	0	0	0	0	0	0	0	0.794830372	0.553571429	1	40.211	0	99999	0
299	2010009601	0	0	1	0	0	0	0	0	0	0	0.794830372	0.553571429	1	30.033	0	99999	0
300	2010009609	0	0	1	0	0	0	0	0	0	0	0.773828756	0.357142857	1	18.026	0	99999	0
301	2010009604	0	0	1	0	0	0	0	0	0	0	0.794830372	0.732142857	1	32.749	0	99999	0
