1	0	0	0	0	0	0	999999	0
2	17	24	18	1	9.05	0	999999	0
3	17	24	18	1	9.13	0	999999	0
4	17	24	18	1	9.2	0	999999	0
5	17	24	18	1	9.22	0	999999	0
6	18	25	18	1.5	10.23	0	999999	0
7	18	25	18	1.5	10.3	0	999999	0
8	18	25	18	1.5	10.44	0	999999	0
9	18	25	18	1.5	10.5	0	999999	0
10	18	25	18	1.5	10.67	0	999999	0
11	18	25	18	1.5	10.69	0	999999	0
12	18	25	18	1.5	10.77	0	999999	0
13	18	25	18	1.5	10.89	0	999999	0
14	18	25	18	1.5	10.99	0	999999	0
15	19	25	18	1.5	11.01	0	999999	0
16	19	25	18	1.5	11.22	0	999999	0
17	19	25	18	1.5	11.38	0	999999	0
18	19	30	20	2	15.192	0	999999	0
19	19	30	20	2	15.292	0	999999	0
20	19	30	20	2	15.55	0	999999	0
21	19	30	20	2	15.65	0	999999	0
22	19	30	20	2	15.66	0	999999	0
23	20	30	20	2	16.66	0	999999	0
24	20	30	20	2	20.72	0	999999	0
25	20	30	20	2	20.86	0	999999	0
26	20	30	20	2	20.896	0	999999	0
27	20	30	20	2	20.96	0	999999	0
28	20	30	20	2	20.99	0	999999	0
29	21	30	21	2	21.065	0	999999	0
30	21	30	21	2	21.095	0	999999	0
31	21	31	21	2	21.2	0	999999	0
32	21	31	21	2	21.3	0	999999	0
33	21	31	21	2	21.35	0	999999	0
34	21	31	21	2	21.4	0	999999	0
35	21	31	21	2	21.795	0	999999	0
36	21	31	21	2	21.8	0	999999	0
37	22	32	22	2	22.1	0	999999	0
38	22	32	22	2	22.12	0	999999	0
39	22	32	22	2	22.25	0	999999	0
40	22	32	23	2	22.254	0	999999	0
41	22	32	22	2	22.821	0	999999	0
42	22	32	23	2	22.828	0	999999	0
43	22	32	22	2	22.831	0	999999	0
44	22	32	23	2	22.839	0	999999	0
45	23	33	23	2	23.022	0	999999	0
46	23	33	23	2	23.17	0	999999	0
47	23	33	23	2	23.57	0	999999	0
48	23	33	23	2	23.6	0	999999	0
49	23	33	23	2	23.66	0	999999	0
50	23	33	23	2	23.67	0	999999	0
51	24	34	24	2	24.4	0	999999	0
52	24	34	24	2	24.45	0	999999	0
53	24	34	24	2	24.8	0	999999	0
54	24	34	24	2	24.82	0	999999	0
55	24	34	24	2	24.843	0	999999	0
56	24	34	24	2	24.86	0	999999	0
57	24	34	24	2	24.89	0	999999	0
58	24	34	24	2	24.899	0	999999	0
59	24	34	24	2	25	0	999999	0
60	24	34	24	2	25.04	0	999999	0
61	24	34	24	2	25.11	0	999999	0
62	24	34	24	2	25.13	0	999999	0
63	24	35	25	2	25.22	0	999999	0
64	24	35	25	2	25.258	0	999999	0
65	24	35	25	2	25.266	0	999999	0
66	24	35	25	2	25.34	0	999999	0
67	25	35	25	2	25.416	0	999999	0
68	25	35	25	2	25.426	0	999999	0
69	25	35	25	2	27.594	0	999999	0
70	25	35	25	2	27.694	0	999999	0
71	25	35	25	2	27.9	0	999999	0
72	25	35	25	2	27.93	0	999999	0
73	25	35	25	2	28.595	0	999999	0
74	25	35	25	2	28.695	0	999999	0
75	25	35	25	2	28.924	0	999999	0
76	25	35	25	2	28.934	0	999999	0
77	25	35	25	2	29.596	0	999999	0
78	25	35	25	2	29.796	0	999999	0
79	26	36	26	2.5	30	0	999999	0
80	26	36	26	2.5	30.5	0	999999	0
81	26	36	26	2.5	30.564	0	999999	0
82	26	36	26	2.5	30.589	0	999999	0
83	26	36	26	2.5	31	0	999999	0
84	26	36	26	2.5	31.5	0	999999	0
85	26	36	26	2.5	33.59	0	999999	0
86	26	36	26	2.5	33.592	0	999999	0
87	26	36	26	2.5	34.2	0	999999	0
88	26	36	26	2.5	34.22	0	999999	0
89	26	36	26	2.5	34.56	0	999999	0
90	26	36	26	2.5	34.59	0	999999	0
91	27	37	27	2.5	35.325	0	999999	0
92	27	37	27	2.5	35.425	0	999999	0
93	27	37	27	2.5	35.68	0	999999	0
94	27	37	27	2.5	35.78	0	999999	0
95	27	37	27	2.5	36.606	0	999999	0
96	27	37	27	2.5	36.706	0	999999	0
97	27	37	27	2.5	37.278	0	999999	0
98	27	37	27	2.5	37.308	0	999999	0
99	27	37	27	2.5	37.358	0	999999	0
100	27	37	27	2.5	37.378	0	999999	0
101	27	37	27	2.5	38	0	999999	0
102	27	37	27	2.5	38.5	0	999999	0
103	27	37	27	2.5	39.24	0	999999	0
104	27	37	27	2.5	39.34	0	999999	0
105	28	42	28	3	40	0	999999	0
106	28	42	28	3	40.5	0	999999	0
107	28	42	28	3	40.6	0	999999	0
108	28	42	28	3	40.6	0	999999	0
109	28	42	28	3	40.736	0	999999	0
110	28	42	28	3	40.756	0	999999	0
111	28	42	28	3	40.785	0	999999	0
112	28	42	28	3	40.885	0	999999	0
113	28	42	28	3	41.448	0	999999	0
114	28	42	28	3	41.548	0	999999	0
115	28	42	28	3	41.68	0	999999	0
116	28	42	28	3	41.78	0	999999	0
117	28	43	28	3	42.448	0	999999	0
118	28	42	28	3	42.736	0	999999	0
119	28	43	28	3	42.756	0	999999	0
120	28	43	28	3	42.785	0	999999	0
121	28	43	28	3	42.885	0	999999	0
122	28	43	28	3	43.548	0	999999	0
123	28	43	28	3	43.68	0	999999	0
124	28	43	28	3	43.78	0	999999	0
125	28	42	29	3	44.448	0	999999	0
126	28	43	29	3	44.448	0	999999	0
127	28	42	29	3	44.548	0	999999	0
128	28	43	29	3	44.548	0	999999	0
129	28	42	29	3	44.68	0	999999	0
130	28	43	29	3	44.68	0	999999	0
131	28	42	29	3	44.736	0	999999	0
132	28	43	29	3	44.756	0	999999	0
133	28	42	29	3	44.78	0	999999	0
134	28	43	29	3	44.785	0	999999	0
135	28	43	29	3	44.885	0	999999	0
136	28	43	29	3	45.78	0	999999	0
137	29	45	29	3	46.635	0	999999	0
138	29	45	29	3	46.675	0	999999	0
139	29	45	29	3	47.5	0	999999	0
140	29	45	29	3	47.65	0	999999	0
141	29	45	29	3	49.075	0	999999	0
142	29	45	29	3	49.224	0	999999	0
143	29	45	29	3	49.475	0	999999	0
144	29	45	29	3	49.509	0	999999	0
145	29	45	29	3	49.524	0	999999	0
146	29	45	29	3	49.609	0	999999	0
147	29	45	29	3	49.62	0	999999	0
148	29	45	29	3	49.72	0	999999	0
149	29	45	29	3	49.74	0	999999	0
150	29	45	29	3	49.75	0	999999	0
151	30	48	30	3.5	50	0	999999	0
152	30	48	30	3.5	50.5	0	999999	0
153	30	48	30	3.5	51	0	999999	0
154	30	48	30	3.5	51.5	0	999999	0
155	30	48	30	3.5	51.57	0	999999	0
156	30	48	30	3.5	52.745	0	999999	0
157	30	48	30	3.5	52.845	0	999999	0
158	30	48	30	3.5	53.24	0	999999	0
159	30	48	30	3.5	53.34	0	999999	0
160	30	49	30	3.5	54	0	999999	0
161	30	49	30	3.5	54.24	0	999999	0
162	30	49	30	3.5	54.34	0	999999	0
163	30	49	30	3.5	54.5	0	999999	0
164	30	49	30	3.5	54.745	0	999999	0
165	30	49	30	3.5	54.845	0	999999	0
166	31	51	31	3.5	55.8	0	999999	0
167	31	51	31	3.5	55.87	0	999999	0
168	31	51	31	3.5	56.134	0	999999	0
169	31	51	31	3.5	56.136	0	999999	0
170	32	54	32	4	62.43	0	999999	0
171	32	54	32	4	62.45	0	999999	0
172	32	54	32	4	64.638	0	999999	0
173	32	54	32	4	64.639	0	999999	0
174	33	57	33	4	67.2	0	999999	0
175	33	57	33	4	67.26	0	999999	0
176	33	57	33	4	67.82	0	999999	0
177	33	57	33	4	67.86	0	999999	0
178	33	57	33	4	69.06	0	999999	0
179	33	57	33	4	69.075	0	999999	0
180	33	57	33	4	69.08	0	999999	0
181	33	57	33	4	69.675	0	999999	0
182	34	58	34	4	70	0	999999	0
183	34	58	34	4	70.12	0	999999	0
184	34	58	34	4	70.15	0	999999	0
185	34	58	34	4	70.45	0	999999	0
186	34	58	34	4	70.81	0	999999	0
187	34	58	34	4	71.05	0	999999	0
188	34	58	34	4	71.82	0	999999	0
189	34	58	34	4	71.98	0	999999	0
190	35	60	35	4.5	72.342	0	999999	0
191	35	60	35	4.5	72.344	0	999999	0
192	35	60	35	4.5	72.345	0	999999	0
193	35	60	35	4.5	72.347	0	999999	0
194	35	60	35	4.5	72.347	0	999999	0
195	35	61	35	4.5	73.342	0	999999	0
196	35	61	35	4.5	73.344	0	999999	0
197	35	62	35	4.5	73.345	0	999999	0
198	35	62	35	4.5	74.332	0	999999	0
199	35	62	35	4.5	74.347	0	999999	0
200	36	63	36	4.5	75.015	0	999999	0
201	36	63	36	4.5	75.115	0	999999	0
202	36	63	36	4.5	78.674	0	999999	0
203	36	63	36	4.5	78.774	0	999999	0
204	36	63	36	4.5	78.907	0	999999	0
205	36	63	36	4.5	78.937	0	999999	0
206	38	66	38	5	80.355	0	999999	0
207	38	66	38	5	80.455	0	999999	0
208	38	66	38	5	81.078	0	999999	0
209	38	66	38	5	81.378	0	999999	0
210	38	66	38	5	81.578	0	999999	0
211	38	66	38	5	81.778	0	999999	0
212	38	66	38	5	82.9	0	999999	0
213	38	66	38	5	82.91	0	999999	0
214	38	66	38	5	83.4	0	999999	0
215	38	66	38	5	83.44	0	999999	0
216	41	72	41	5.5	94.93	0	999999	0
217	41	72	41	5.5	94.935	0	999999	0
218	42	75	42	5.5	95.251	0	999999	0
219	42	75	42	5.5	95.256	0	999999	0
220	42	75	43	5.5	96.251	0	999999	0
221	41	72	43	5.5	96.93	0	999999	0
222	42	75	44	6	97.256	0	999999	0
223	41	72	43	5.5	99.935	0	999999	0
224	44	78	44	6	100	0	999999	0
225	44	78	44	6	100.25	0	999999	0
226	44	78	44	6	100.3	0	999999	0
227	44	78	44	6	100.35	0	999999	0
228	44	78	44	6	100.37	0	999999	0
229	44	78	44	6	100.375	0	999999	0
230	44	78	44	6	100.45	0	999999	0
231	44	78	44	6	100.455	0	999999	0
232	44	78	44	6	100.46	0	999999	0
233	44	78	44	6	100.465	0	999999	0
234	44	78	44	6	100.5	0	999999	0
235	44	78	44	6	100.57	0	999999	0
236	44	78	44	6.5	101.346	0	999999	0
237	44	78	44	6.5	101.349	0	999999	0
238	44	78	44	6.5	101.736	0	999999	0
239	44	78	44	6.5	101.76	0	999999	0
240	44	78	44	6.5	103.612	0	999999	0
241	44	78	44	6.5	103.62	0	999999	0
242	45	81	45	6.5	105.99	0	999999	0
243	45	81	45	6.5	105.999	0	999999	0
244	45	84	45	6.5	108.33	0	999999	0
245	45	84	45	6.5	108.336	0	999999	0
246	47	87	47	7	111.42	0	999999	0
247	47	87	47	7	111.462	0	999999	0
248	47	87	47	7	113.304	0	999999	0
249	47	87	47	7	113.324	0	999999	0
250	48	90	48	7	116.735	0	999999	0
251	48	90	48	7	116.75	0	999999	0
252	48	90	48	7	116.85	0	999999	0
253	48	90	48	7	116.852	0	999999	0
254	48	90	48	7	117.306	0	999999	0
255	48	90	48	7	117.396	0	999999	0
256	50	93	50	7.5	120	0	999999	0
257	50	95	50	7.5	120.1	0	999999	0
258	50	95	50	7.5	122	0	999999	0
259	50	95	50	7.5	122.1	0	999999	0
260	50	95	50	7.5	123.5	0	999999	0
261	50	95	50	7.5	123.54	0	999999	0
262	50	95	52	7.5	123.55	0	999999	0
263	50	95	52	7.5	124	0	999999	0
264	50	95	52	7.5	124.54	0	999999	0
265	50	95	52	7.5	124.55	0	999999	0
266	54	102	54	8	137.541	0	999999	0
267	54	102	54	8	137.543	0	999999	0
268	54	102	54	8	137.8	0	999999	0
269	54	102	54	8	137.82	0	999999	0
270	59	111	59	9	150.5	0	999999	0
271	59	111	59	9	150.53	0	999999	0
272	59	111	59	9	150.72	0	999999	0
273	59	111	59	9	150.723	0	999999	0
274	59	111	59	9	152.79	0	999999	0
275	59	111	59	9	152.793	0	999999	0
276	59	111	59	9	153.045	0	999999	0
277	59	111	59	9	153.0453	0	999999	0
278	59	111	59	9	153.5	0	999999	0
279	59	111	59	9	153.52	0	999999	0
280	60	114	60	9	157.6	0	999999	0
281	60	114	60	9	157.63	0	999999	0
282	62	117	62	9.5	160	0	999999	0
283	62	117	62	9.5	160.3	0	999999	0
284	62	117	62	9.5	162.035	0	999999	0
285	62	117	62	9.5	162.0352	0	999999	0
286	65	117	63	10	173.732	0	999999	0
287	65	117	63	10	173.736	0	999999	0
288	65	117	63	10	173.9	0	999999	0
289	65	117	63	10	173.91	0	999999	0
290	66	120	63	10	176.697	0	999999	0
291	66	120	63	10	176.699	0	999999	0
292	66	120	63	10	177.205	0	999999	0
293	66	120	63	10	177.229	0	999999	0
294	75	135	65	13	250.215	0	999999	0
295	75	135	65	13	250.257	0	999999	0
296	90	170	70	15	300	0	999999	0
297	90	170	70	15	300.5	0	999999	0
298	90	170	70	15	300.51	0	999999	0
299	90	170	70	15	300.55	0	999999	0
300	90	180	70	15	302	0	999999	0
301	90	180	70	15	302.5	0	999999	0