2010000103	1	0	0	0	0	0	0	0	1	0	0.852988691	0.178571429	0	26.007
2010000105	1	0	0	0	0	0	0	0	1	0	0.851373183	0.178571429	0	25.053
2010000102	1	0	0	0	0	0	0	0	1	0	0.8546042	0.178571429	0	26.426
2010000104	1	0	0	0	0	0	0	0	1	0	0.851373183	0.178571429	0	23.393
2010000101	1	0	0	0	0	0	0	0	1	0	0.8546042	0.732142857	0	24.547
2010000106	1	0	0	0	0	0	0	0	1	0	0.851373183	0.178571429	0	25.493
2010000131	1	0	0	0	0	0	0	0	1	0	0.831987076	0.178571429	0	25.372
2010000132	1	0	0	0	0	0	0	0	1	0	0.016155089	0.178571429	0	0.635
2010000132	1	0	0	0	0	0	0	0	1	0	0.016155089	0.178571429	0	0.635
2010000201	1	0	0	0	0	0	0	0	1	0	0.851373183	0.178571429	0	25.656
2010000204	1	0	0	0	0	0	0	0	1	0	0.851373183	0.178571429	0	26.729
2010000205	1	0	0	0	0	0	0	0	1	0	0.851373183	0.178571429	0	26.754
2010000202	1	0	0	0	0	0	0	0	1	0	0.851373183	0.178571429	0	25.846
2010000203	1	0	0	0	0	0	0	0	1	0	0.851373183	0.178571429	0	26.695
2010000206	1	0	0	0	0	0	0	0	1	0	0.851373183	0.178571429	0	26.782
2010001204	0	1	0	0	0	0	0	0	1	0	0.82552504	0.357142857	0	18.163
2010001208	0	1	0	0	0	0	0	0	1	0	0.82552504	1	0	24.627
2010001245	0	1	0	0	0	0	0	0	1	0	0.725363489	1	0	10.543
2010001246	0	1	0	0	0	0	0	0	1	0	0.095315024	1	0	1.51
2010001207	0	1	0	0	0	0	0	0	1	0	0.82552504	1	0	24.491
2010001203	0	1	0	0	0	0	0	0	1	0	0.82552504	0.357142857	0	18.166
2010001231	0	1	0	0	0	0	0	0	1	0	0.82552504	1	0	11.826
2010001232	0	1	0	0	0	0	0	0	1	0	0.82552504	1	0	12.159
2010001233	0	1	0	0	0	0	0	0	1	0	0.82552504	1	0	12.574
2010001234	0	1	0	0	0	0	0	0	1	0	0.82552504	1	0	12.053
2010001206	0	1	0	0	0	0	0	0	1	0	0.82552504	1	0	23.985
2010001235	0	1	0	0	0	0	0	0	1	0	0.709208401	0.357142857	0	15.619
2010001236	0	1	0	0	0	0	0	0	1	0	0.111470113	0.357142857	0	2.544
2010001237	0	1	0	0	0	0	0	0	1	0	0.709208401	0.357142857	0	15.619
2010001238	0	1	0	0	0	0	0	0	1	0	0.111470113	0.357142857	0	2.544
2010001239	0	1	0	0	0	0	0	0	1	0	0.709208401	0.357142857	0	15.621
2010001240	0	1	0	0	0	0	0	0	1	0	0.111470113	0.357142857	0	2.545
2010001241	0	1	0	0	0	0	0	0	1	0	0.709208401	0.357142857	0	15.619
2010001242	0	1	0	0	0	0	0	0	1	0	0.111470113	0.357142857	0	2.544
2010001243	0	1	0	0	0	0	0	0	1	0	0.725363489	0.357142857	0	16.829
2010001244	0	1	0	0	0	0	0	0	1	0	0.095315024	0.357142857	0	2.309
2010001205	0	1	0	0	0	0	0	0	1	0	0.82552504	0.357142857	0	29.138
2010001202	0	1	0	0	0	0	0	0	1	0	0.82552504	0.357142857	0	18.163
2010001201	0	1	0	0	0	0	0	0	1	0	0.82552504	0.357142857	0	18.163
2010019705	1	0	0	0	0	0	0	0	1	0	1	0.446428571	0	44.01
2010019736	1	0	0	0	0	0	0	0	1	0	1	0.446428571	0	15.415
2010019737	1	0	0	0	0	0	0	0	1	0	1	0.446428571	0	0.24
2010019734	1	0	0	0	0	0	0	0	1	0	1	0.446428571	0	14.725
2010019735	1	0	0	0	0	0	0	0	1	0	1	0.446428571	0	15.747
2010019731	1	0	0	0	0	0	0	0	1	0	0.877221325	0.446428571	0	24.89
2010019732	1	0	0	0	0	0	0	0	1	0	0.117932149	0.446428571	0	3.465
2010019733	1	0	0	0	0	0	0	0	1	0	1	0.446428571	0	15.655
2010019702	1	0	0	0	0	0	0	0	1	0	1	0.446428571	0	21.954
2010019807	1	0	0	0	0	0	0	0	1	0	1	0.446428571	0	25.015
2010019801	1	0	0	0	0	0	0	0	1	0	1	0.446428571	0	23.763
2010019805	1	0	0	0	0	0	0	0	1	0	1	0.446428571	0	23.942
2010019806	1	0	0	0	0	0	0	0	1	0	1	0.446428571	0	23.935
2010019803	1	0	0	0	0	0	0	0	1	0	1	0.446428571	0	23.931
2010019802	1	0	0	0	0	0	0	0	1	0	1	0.446428571	0	23.939
2010019804	1	0	0	0	0	0	0	0	1	0	1	0.446428571	0	23.939
2010003208	0	0	0	1	0	0	0	0	0	1	0.82552504	0.589285714	1	11.529
2010003212	0	0	0	1	0	0	0	0	0	1	0.82552504	0.589285714	1	11.487
2010003210	0	0	0	1	0	0	0	0	0	1	0.82552504	0.589285714	1	11.445
2010003209	0	0	0	1	0	0	0	0	0	1	0.82552504	0.589285714	1	11.451
2010003206	0	0	0	1	0	0	0	0	0	1	0.82552504	0.589285714	1	11.44
2010003201	0	0	0	1	0	0	0	0	0	1	0.82552504	0.589285714	1	11.445
2010003202	0	0	0	1	0	0	0	0	0	1	0.82552504	0.589285714	1	11.55
2010003203	0	0	0	1	0	0	0	0	0	1	0.82552504	0.589285714	1	11.451
2010003204	0	0	0	1	0	0	0	0	0	1	0.82552504	0.589285714	1	11.445
2010003205	0	0	0	1	0	0	0	0	0	1	0.82552504	0.589285714	1	11.535
2010003213	0	0	0	1	0	0	0	0	0	1	0.82552504	0.589285714	1	11.482
2010003214	0	0	0	1	0	0	0	0	0	1	0.82552504	0.589285714	1	11.582
2010003207	0	0	0	1	0	0	0	0	0	1	0.82552504	0.589285714	1	11.445
2010003211	0	0	0	1	0	0	0	0	0	1	0.82552504	0.589285714	1	11.503
2010003310	0	0	0	1	0	0	0	0	0	1	0.82552504	0.732142857	1	11.445
2010003311	0	0	0	1	0	0	0	0	0	1	0.82552504	0.732142857	1	11.445
2010003312	0	0	0	1	0	0	0	0	0	1	0.82552504	0.732142857	1	24.192
2010003301	0	0	0	1	0	0	0	0	0	1	0.82552504	0.589285714	1	11.482
2010003302	0	0	0	1	0	0	0	0	0	1	0.82552504	0.589285714	1	11.487
2010003303	0	0	0	1	0	0	0	0	0	1	0.82552504	0.589285714	1	11.613
2010003304	0	0	0	1	0	0	0	0	0	1	0.82552504	0.589285714	1	11.487
2010003305	0	0	0	1	0	0	0	0	0	1	0.82552504	0.589285714	1	11.487
2010003306	0	0	0	1	0	0	0	0	0	1	0.82552504	0.589285714	1	11.487
2010003307	0	0	0	1	0	0	0	0	0	1	0.82552504	0.732142857	1	11.487
2010003308	0	0	0	1	0	0	0	0	0	1	0.82552504	0.732142857	1	11.487
2010003309	0	0	0	1	0	0	0	0	0	1	0.82552504	0.732142857	1	11.487
2010003331	0	0	0	1	0	0	0	0	0	1	0.817447496	0	1	21.816
2010003332	0	0	0	1	0	0	0	0	0	1	0.82552504	0.732142857	1	2.161
2010003401	0	0	0	1	0	0	0	0	0	0	0.770597738	0.446428571	1	22.786
2010003402	0	0	0	1	0	0	0	0	0	0	0.770597738	0.446428571	1	22.795
2010003406	0	0	0	1	0	0	0	0	0	0	0.770597738	0.446428571	1	22.789
2010003405	0	0	0	1	0	0	0	0	0	0	0.770597738	0.446428571	1	22.8
2010003403	0	0	0	1	0	0	0	0	0	0	0.770597738	0.446428571	1	22.8
2010003407	0	0	0	1	0	0	0	0	0	0	0.770597738	0.446428571	1	22.792
2010003404	0	0	0	1	0	0	0	0	0	0	0.770597738	0.446428571	1	22.783
2010003606	0	0	0	1	0	0	0	0	0	0	0.770597738	0.446428571	1	22.797
2010003604	0	0	0	1	0	0	0	0	0	0	0.770597738	0.446428571	1	22.789
2010003607	0	0	0	1	0	0	0	0	0	0	0.770597738	0.446428571	1	22.795
2010003602	0	0	0	1	0	0	0	0	0	0	0.770597738	0.446428571	1	22.8
2010003605	0	0	0	1	0	0	0	0	0	0	0.770597738	0.446428571	1	22.786
2010003603	0	0	0	1	0	0	0	0	0	0	0.770597738	0.446428571	1	22.789
2010003601	0	0	0	1	0	0	0	0	0	0	0.770597738	0.446428571	1	22.795
2010004602	0	0	1	0	0	0	0	0	1	0	0.967689822	0.732142857	1	21.17
2010004605	0	0	1	0	0	0	0	0	1	0	0.967689822	0.732142857	1	25.696
2010004601	0	0	1	0	0	0	0	0	1	0	0.969305331	0.732142857	1	29.527
2010004604	0	0	1	0	0	0	0	0	1	0	0.967689822	0.732142857	1	23.984
2010004607	0	0	1	0	0	0	0	0	1	0	0.967689822	0.732142857	1	27.362
2010004606	0	0	1	0	0	0	0	0	1	0	0.967689822	0.357142857	1	27.28
2010004603	0	0	1	0	0	0	0	0	1	0	0.967689822	0.910714286	1	22.442
2010004704	0	0	1	0	0	0	0	0	1	0	0.967689822	0.910714286	1	28.634
2010004703	0	0	1	0	0	0	0	0	1	0	0.967689822	0.910714286	1	28.209
2010004702	0	0	1	0	0	0	0	0	1	0	0.967689822	0.910714286	1	28.035
2010004731	0	0	1	0	0	0	0	0	1	0	0.967689822	0.732142857	1	13.823
2010004732	0	0	1	0	0	0	0	0	1	0	0.967689822	0.732142857	1	14.194
2010004705	0	0	1	0	0	0	0	0	1	0	0.967689822	0.732142857	1	29.868
2010004701	0	0	1	0	0	0	0	0	1	0	0.967689822	0.732142857	1	28.017
2010004801	0	0	1	0	0	0	0	0	1	0	0.967689822	0.732142857	1	30.272
2010004804	0	0	1	0	0	0	0	0	1	0	0.967689822	0.535714286	1	60.504
2010004802	0	0	1	0	0	0	0	0	1	0	0.967689822	0.732142857	1	30.3
2010004803	0	0	1	0	0	0	0	0	1	0	0.967689822	0.910714286	1	30.537
2010005105	0	0	1	0	0	0	0	0	1	0	0.951534733	0.732142857	1	27.364
2010005101	0	0	1	0	0	0	0	0	1	0	0.951534733	0.732142857	1	25.544
2010005104	0	0	1	0	0	0	0	0	1	0	0.951534733	0.732142857	1	27.298
2010005103	0	0	1	0	0	0	0	0	1	0	0.951534733	0.732142857	1	26.357
2010005102	0	0	1	0	0	0	0	0	1	0	0.951534733	0.732142857	1	25.998
2010005201	0	0	1	0	0	0	0	0	1	0	0.951534733	0.910714286	1	28.354
2010005205	0	0	1	0	0	0	0	0	1	0	0.936995153	0.732142857	1	20.488
2010005203	0	0	1	0	0	0	0	0	1	0	0.951534733	0.535714286	1	59.82
2010005204	0	0	1	0	0	0	0	0	1	0	0.944426494	0.732142857	1	28.755
2010005231	0	0	1	0	0	0	0	0	1	0	0.936995153	0.732142857	1	28.53
2010005232	0	0	1	0	0	0	0	0	1	0	0.002584814	0.732142857	1	0.225
2010005302	0	0	1	0	0	0	0	0	1	0	0.936995153	0.732142857	1	24.851
2010005304	0	0	1	0	0	0	0	0	1	0	0.936995153	0.732142857	1	25.51
2010005306	0	0	1	0	0	0	0	0	1	0	0.936995153	0.732142857	1	27.243
2010005301	0	0	1	0	0	0	0	0	1	0	0.936995153	0.732142857	1	24.744
2010005303	0	0	1	0	0	0	0	0	1	0	0.936995153	0.732142857	1	25.304
2010005305	0	0	1	0	0	0	0	0	1	0	0.936995153	0.732142857	1	26.224
2010005402	0	0	1	0	0	0	0	0	1	0	0.936995153	0.535714286	1	59.051
2010005436	0	0	1	0	0	0	0	0	1	0	0.619709208	0.428571429	1	6.533
2010005437	0	0	1	0	0	0	0	0	1	0	0.759612278	0.428571429	1	7.996
2010005438	0	0	1	0	0	0	0	0	1	0	0.641680129	0.428571429	1	6.762
2010005439	0	0	1	0	0	0	0	0	1	0	0.544103393	0.428571429	1	5.741
2010005431	0	0	1	0	0	0	0	0	1	0	0.891760905	0.732142857	1	27.17
2010005432	0	0	1	0	0	0	0	0	1	0	0.033279483	0.732142857	1	1.155
2010005403	0	0	1	0	0	0	0	0	1	0	0.929886914	0.732142857	1	28.325
2010005433	0	0	1	0	0	0	0	0	1	0	0.886914378	0.732142857	1	12.86
2010005434	0	0	1	0	0	0	0	0	1	0	0.030694669	0.732142857	1	0.513
2010005435	0	0	1	0	0	0	0	0	1	0	0.922455574	0.428571429	1	23.234
2010005506	0	0	0	0	1	0	0	0	1	0	0.789983845	0.446428571	0	20.494
2010005507	0	0	0	0	1	0	0	0	1	0	0.789983845	0.446428571	0	20.488
2010005501	0	0	0	0	1	0	0	0	1	0	0.902423263	0.196428571	0	28.832
2010005531	0	0	0	0	1	0	0	0	1	0	0.827140549	0.196428571	0	11.906
2010005532	0	0	0	0	1	0	0	0	1	0	0.822294023	0.196428571	0	12.217
2010005533	0	0	0	0	1	0	0	0	1	0	0.070436187	0.196428571	0	1.077
2010005534	0	0	0	0	1	0	0	0	1	0	0.075282714	0.196428571	0	1.184
2010005535	0	0	0	0	1	0	0	0	1	0	0.902423263	0.196428571	0	2.448
2010005536	0	0	0	0	1	0	0	0	1	0	0.827140549	0.196428571	0	36.436
2010005537	0	0	0	0	1	0	0	0	1	0	0.028432956	0.196428571	0	1.458
2010005538	0	0	0	0	1	0	0	0	1	0	0.789983845	0.196428571	0	20.485
2010005539	0	0	0	0	1	0	0	0	1	0	0.019386107	0.196428571	0	0.625
2010005503	0	0	0	0	1	0	0	0	1	0	0.814216478	0.196428571	0	21.11
2010005505	0	0	0	0	1	0	0	0	1	0	0.789983845	0.446428571	0	20.494
2010005606	0	0	0	0	1	0	0	0	1	0	0.770597738	0.446428571	0	24.315
2010005604	0	0	0	0	1	0	0	0	1	0	0.770597738	0.446428571	0	22.713
2010005639	0	0	0	0	1	0	0	0	1	0	0.770597738	0.553571429	0	2.803
2010005640	0	0	0	0	1	0	0	0	1	0	0.770597738	0.553571429	0	2.803
2010005641	0	0	0	0	1	0	0	0	1	0	0.770597738	0.553571429	0	2.803
2010005642	0	0	0	0	1	0	0	0	1	0	0.770597738	0.553571429	0	2.803
2010005643	0	0	0	0	1	0	0	0	1	0	0.770597738	0.553571429	0	3.097
2010005644	0	0	0	0	1	0	0	0	1	0	0.770597738	0.553571429	0	3.109
2010005601	0	0	0	0	1	0	0	0	1	0	0.789983845	0.446428571	0	20.485
2010005602	0	0	0	0	1	0	0	0	1	0	0.789983845	0.196428571	0	20.482
2010005607	0	0	0	0	1	0	0	0	1	0	0.770597738	0.446428571	0	24.326
2010005631	0	0	0	0	1	0	0	0	1	0	0.718901454	0.446428571	0	21.199
2010005632	0	0	0	0	1	0	0	0	1	0	0.046849758	0.446428571	0	1.514
2010005605	0	0	0	0	1	0	0	0	1	0	0.770597738	0.446428571	0	22.704
2010005603	0	0	0	0	1	0	0	0	1	0	0.780290792	0.446428571	0	17.709
2010005633	0	0	0	0	1	0	0	0	1	0	0.770597738	0.553571429	0	17.49
2010005634	0	0	0	0	1	0	0	0	1	0	0.004846527	0.446428571	0	0.219
2010005635	0	0	0	0	1	0	0	0	1	0	0.718901454	0.446428571	0	21.191
2010005636	0	0	0	0	1	0	0	0	1	0	0.046849758	0.446428571	0	1.513
2010005637	0	0	0	0	1	0	0	0	1	0	0.718901454	0.446428571	0	22.704
2010005638	0	0	0	0	1	0	0	0	1	0	0.046849758	0.446428571	0	1.622
2010005504	0	0	0	0	1	0	0	0	1	0	0.789983845	0.196428571	0	20.482
2010005502	0	0	0	0	1	0	0	0	1	0	0.860420032	0.196428571	0	37.894
2010008103	0	0	1	0	0	0	0	0	0	0	0.922455574	0.553571429	1	25.951
2010008104	0	0	1	0	0	0	0	0	0	0	0.922455574	0.553571429	1	25.937
2010008101	0	0	1	0	0	0	0	0	0	0	0.94184168	0.732142857	1	21.57
2010008106	0	0	1	0	0	0	0	0	0	0	0.922455574	0.553571429	1	27.718
2010008131	0	0	1	0	0	0	0	0	0	0	0.922455574	0.732142857	1	21.128
2010008132	0	0	1	0	0	0	0	0	0	0	0.01453958	0.732142857	1	0.442
2010008102	0	0	1	0	0	0	0	0	0	0	0.922455574	0.553571429	1	25.018
2010008105	0	0	1	0	0	0	0	0	0	0	0.922455574	0.732142857	1	26.833
2010008202	0	0	1	0	0	0	0	0	0	0	0.922455574	0.357142857	1	28.097
2010008233	0	0	1	0	0	0	0	0	0	0	0.894991922	0.732142857	1	25.277
2010008234	0	0	1	0	0	0	0	0	0	0	0.894991922	0.732142857	1	2.001
2010008201	0	0	1	0	0	0	0	0	0	0	0.922455574	0.553571429	1	28.026
2010008203	0	0	1	0	0	0	0	0	0	0	0.908885299	0.732142857	1	27.699
2010008231	0	0	1	0	0	0	0	0	0	0	0.894991922	0.732142857	1	27.278
2010008232	0	0	1	0	0	0	0	0	0	0	0.00904685	0.732142857	1	0.421
2010008205	0	0	1	0	0	0	0	0	0	0	0.894991922	0.732142857	1	31
